
ra =

    -1
    -2


rb =

    -1
    -1


rc =

   1.0000 + 1.4142i
   1.0000 - 1.4142i

